Loading blockchain info...please wait...
--------------------------------------------------------
num	Amount		Height		Time Interval(M)
--------------------------------------------------------
1	3.00000000	814193	-----
2	3.00005000	814259 (+66)	40
3	3.00001000	814357 (+98)	90
4	3.00007584	814441 (+84)	122
5	3.00000000	814507 (+66)	75
6	3.00000000	814574 (+67)	62
7	3.00001000	814646 (+72)	61
8	3.00000000	814716 (+70)	86
9	3.00000000	814782 (+66)	56
10	3.00062400	814848 (+66)	61
11	3.00000000	814944 (+96)	107
12	3.00002617	815013 (+69)	75
13	3.00067799	815079 (+66)	54
14	3.00000000	815182 (+103)	94
15	3.00000000	815251 (+69)	81
16	3.00040441	815317 (+66)	50
17	3.00015000	815383 (+66)	56
18	3.00030000	815449 (+66)	99
19	3.00000000	815515 (+66)	63
20	3.00000000	815581 (+66)	64
21	3.00000000	815647 (+66)	64
22	3.01257221	815713 (+66)	62
23	3.00000000	815779 (+66)	71
24	3.00005000	815845 (+66)	77
25	7.00297200	815912 (+67)	60
26	3.00000000	815978 (+66)	58
27	3.00424296	816220 (+242)	276
28	3.00000000	816303 (+83)	88
29	3.00010000	816369 (+66)	68
30	3.00015000	816435 (+66)	80
31	3.00001000	816501 (+66)	41
32	3.00000000	816567 (+66)	84
33	3.00001000	816633 (+66)	61
34	3.00003000	816699 (+66)	54
35	3.00042459	816765 (+66)	75
36	3.00924193	816831 (+66)	75
37	3.00000000	816897 (+66)	50
38	3.00031200	816963 (+66)	81
39	3.00005000	817030 (+67)	47
40	3.00000000	817096 (+66)	107
41	3.00001000	817162 (+66)	65
42	3.00000000	817228 (+66)	48
43	3.00000000	817294 (+66)	91
44	3.00046200	817360 (+66)	56
45	3.00161000	817430 (+70)	57
46	3.00093600	817498 (+68)	55
47	3.00000000	817564 (+66)	64
48	3.00000000	817630 (+66)	74
49	3.00176595	817700 (+70)	101
50	3.00031200	817766 (+66)	49
51	3.00274753	817832 (+66)	73
52	3.00000000	817898 (+66)	67
53	3.00001000	817964 (+66)	52
54	3.00036200	818135 (+171)	289
55	3.00006976	818208 (+73)	71
56	3.00000000	818274 (+66)	60
57	3.00010000	818340 (+66)	55
58	3.00000000	818406 (+66)	73
59	3.00001000	818472 (+66)	57
60	3.00031200	818567 (+95)	204
61	3.00296186	818637 (+70)	76
62	3.00390586	818703 (+66)	59
63	3.00000000	818783 (+80)	84
64	3.00174714	818852 (+69)	57
65	3.00047715	818918 (+66)	75
66	3.15053159	819002 (+84)	68
67	3.00098883	819071 (+69)	59
68	3.00744637	819140 (+69)	71
69	3.00094600	819206 (+66)	88
70	3.00361162	819272 (+66)	64
71	3.00775577	819338 (+66)	85
72	3.00249600	819406 (+68)	66
73	3.00234920	819472 (+66)	56
74	3.00697120	819539 (+67)	61
75	3.00199401	819608 (+69)	82
76	3.01387888	819674 (+66)	57
77	3.00062400	819740 (+66)	95
78	3.00034200	819806 (+66)	63
79	3.00141401	819873 (+67)	62
80	3.00031200	819939 (+66)	69
81	3.00159000	820073 (+134)	146
82	3.00298132	820139 (+66)	62
83	3.00256997	820221 (+82)	78
84	3.00398088	820288 (+67)	72
85	3.00234422	820354 (+66)	67
86	3.00126800	820420 (+66)	55
87	3.00502200	820486 (+66)	70
88	4.63121727	820552 (+66)	72
89	3.00125800	820618 (+66)	58
90	3.00101868	820684 (+66)	62
91	3.00048849	820750 (+66)	62
92	3.00061232	820816 (+66)	68
93	3.00509913	820882 (+66)	76
94	3.00095600	820948 (+66)	58
95	3.00167447	821014 (+66)	69
96	3.00100000	821080 (+66)	89
97	3.00031200	821146 (+66)	51
98	3.00138014	821212 (+66)	64
99	3.00000000	821280 (+68)	63
100	3.00012021	821346 (+66)	68
101	3.00000000	821412 (+66)	64
102	3.00933921	821478 (+66)	62
103	3.00000000	821545 (+67)	63
104	3.00193521	821611 (+66)	64
105	3.00031200	821678 (+67)	66
106	3.00000000	821744 (+66)	75
107	3.00001000	821810 (+66)	60
108	3.00107594	821876 (+66)	93
109	3.00031200	821942 (+66)	50
110	3.00000000	822075 (+133)	143
111	3.00016012	822143 (+68)	60
112	3.00010294	822209 (+66)	64
113	3.00000000	822276 (+67)	78
114	3.00000000	822342 (+66)	56
115	3.00092029	822408 (+66)	64
116	3.00000000	822474 (+66)	64
117	3.00022101	822541 (+67)	84
118	3.00230139	822607 (+66)	54
119	3.00062400	822673 (+66)	95
120	3.00000000	822739 (+66)	46
121	3.00000000	822805 (+66)	90
122	3.00031200	822871 (+66)	57
123	3.00000000	822937 (+66)	74
124	3.00031200	823003 (+66)	54
125	3.00218400	823069 (+66)	58
126	3.00000000	823135 (+66)	68
127	3.00094600	823203 (+68)	63
128	3.00031200	823271 (+68)	75
129	3.00031200	823343 (+72)	67
130	3.00019882	823409 (+66)	72
131	3.01145889	823480 (+71)	66
132	3.00031200	823549 (+69)	89
133	3.00000000	823621 (+72)	54
134	3.00033200	823687 (+66)	62
135	3.00031200	823755 (+68)	103
136	3.00000000	823822 (+67)	57
137	3.01161906	823888 (+66)	81
138	3.00001000	823978 (+90)	78
--------------------------------------------------------
Total : 419.96278281 KMD (avrg interval : 70)
--------------------------------------------------------
Cur last block : 824023
Est next block : 824048 (25 left)
--------------------------------------------------------
Time mined : 2018-05-07 09:45 (-105 mins)
Time curr  : 2018-05-07 11:30
--------------------------------------------------------
Mined per Hour : 2.49088246 KMD
Mined per Day  : 59.78117905 KMD
--------------------------------------------------------
